# x,y coordinates of optimized airfoil
0.000000 0.000000
0.000249 0.000289
0.000997 0.001157
0.002241 0.002603
0.003982 0.004626
0.006218 0.007226
0.008945 0.010405
0.012162 0.014165
0.015866 0.018513
0.020052 0.023455
0.024716 0.028995
0.029854 0.035128
0.035461 0.041826
0.041531 0.049024
0.048058 0.056589
0.055036 0.064289
0.062456 0.071761
0.070314 0.078476
0.078599 0.083718
0.087305 0.086586
0.096421 0.086038
0.105941 0.080987
0.115853 0.070455
0.126148 0.053794
0.136815 0.030942
0.147845 0.002692
0.159225 -0.029089
0.170946 -0.061364
0.182994 -0.090019
0.195358 -0.110203
0.208026 -0.116931
0.220986 -0.105907
0.234223 -0.074452
0.247725 -0.022350
0.261478 0.047592
0.275470 0.129488
0.289685 0.214955
0.304110 0.294335
0.318730 0.358389
0.333531 0.400147
0.348497 0.416466
0.363615 0.408861
0.378869 0.383289
0.394243 0.348814
0.409723 0.315365
0.425293 0.291118
0.440937 0.280173
0.456641 0.281229
0.472387 0.287720
0.488161 0.289507
0.503947 0.275792
0.519728 0.238520
0.535491 0.175337
0.551217 0.091255
0.566893 -0.001542
0.582502 -0.085815
0.598029 -0.142858
0.613458 -0.156703
0.628774 -0.117911
0.643962 -0.026029
0.659006 0.109877
0.673891 0.272712
0.688604 0.440473
0.703128 0.590269
0.717450 0.702334
0.731555 0.763222
0.745429 0.767600
0.759059 0.718450
0.772430 0.625806
0.785530 0.504458
0.798345 0.371180
0.810862 0.242042
0.823070 0.130254
0.834956 0.044818
0.846508 -0.009954
0.857715 -0.034147
0.868565 -0.031378
0.879047 -0.007635
0.889152 0.029959
0.898869 0.074245
0.908188 0.118866
0.917100 0.158806
0.925597 0.190619
0.933669 0.212421
0.941309 0.223693
0.948509 0.224993
0.955262 0.217620
0.961561 0.203302
0.967400 0.183931
0.972774 0.161354
0.977675 0.137238
0.982101 0.112994
0.986046 0.089743
0.989507 0.068332
0.992480 0.049360
0.994962 0.033222
0.996950 0.020158
0.998443 0.010300
0.999439 0.003710
0.999938 0.000412
0.999938 -0.000389
0.999439 -0.003499
0.998443 -0.009713
0.996950 -0.019008
0.994962 -0.031322
0.992480 -0.046526
0.989507 -0.064379
0.986046 -0.084489
0.982101 -0.106260
0.977675 -0.128850
0.972774 -0.151140
0.967400 -0.171727
0.961561 -0.188951
0.955262 -0.200974
0.948509 -0.205917
0.941309 -0.202063
0.933669 -0.188128
0.925597 -0.163573
0.917100 -0.128935
0.908188 -0.086122
0.898869 -0.038602
0.889152 0.008581
0.879047 0.049045
0.868565 0.075598
0.857715 0.081089
0.846508 0.059498
0.834956 0.007177
0.823070 -0.075989
0.810862 -0.185718
0.798345 -0.313036
0.785530 -0.444755
0.772430 -0.564829
0.759059 -0.656499
0.745429 -0.704989
0.731555 -0.700271
0.717450 -0.639366
0.703128 -0.527601
0.688604 -0.378413
0.673891 -0.211553
0.659006 -0.049889
0.643962 0.084601
0.628774 0.174853
0.613458 0.211833
0.598029 0.196033
0.582502 0.136928
0.566893 0.050525
0.551217 -0.044432
0.535491 -0.130670
0.519728 -0.195971
0.503947 -0.235293
0.488161 -0.250966
0.472387 -0.251024
0.456641 -0.246250
0.440937 -0.246774
0.425293 -0.259158
0.409723 -0.284702
0.394243 -0.319312
0.378869 -0.354822
0.363615 -0.381313
0.348497 -0.389739
0.333531 -0.374157
0.318730 -0.333072
0.304110 -0.269644
0.289685 -0.190861
0.275470 -0.105977
0.261478 -0.024667
0.247725 0.044674
0.234223 0.096151
0.220986 0.126947
0.208026 0.137272
0.195358 0.129803
0.182994 0.108834
0.170946 0.079352
0.159225 0.046211
0.147845 0.013528
0.136815 -0.015652
0.126148 -0.039458
0.115853 -0.057088
0.105941 -0.068596
0.096421 -0.074624
0.087305 -0.076141
0.078599 -0.074228
0.070314 -0.069920
0.062456 -0.064109
0.055036 -0.057508
0.048058 -0.050640
0.041531 -0.043864
0.035461 -0.037407
0.029854 -0.031398
0.024716 -0.025901
0.020052 -0.020942
0.015866 -0.016522
0.012162 -0.012638
0.008945 -0.009281
0.006218 -0.006445
0.003982 -0.004126
0.002241 -0.002321
0.000997 -0.001032
0.000249 -0.000258
0.000000 0.000000
